%YAML:1.0
---
date: "Wed May  8 13:23:22 2019\n"
paramsD: !!opencv-matrix
   rows: 5
   cols: 1
   dt: d
   data: [ -2.1268672842346925e-01, 4.7121218872627019e-02,
       -6.9672429697277224e-04, 3.0973069364617044e-03, 0. ]
matrixK: !!opencv-matrix
   rows: 3
   cols: 3
   dt: d
   data: [ 1.6301310679674659e+03, 0., 7.3075814231894492e+02, 0.,
       1.6267248947628887e+03, 3.8323632327176728e+02, 0., 0., 1. ]
matrixP: !!opencv-matrix
   rows: 3
   cols: 4
   dt: d
   data: [ 1.5686237792968750e+03, 0., 7.3969569690214848e+02, 0., 0.,
       1.6089035644531250e+03, 3.8347792746298728e+02, 0., 0., 0., 1.,
       0. ]
