%YAML:1.0
date: "Thu Apr 20 21:05:32 2017\n"
paramsD: !!opencv-matrix
   rows: 5
   cols: 1
   dt: d
   data: [ 0., 1., 2., 3., 4. ]
matrixK: !!opencv-matrix
   rows: 3
   cols: 3
   dt: d
   data: [ 0., 1.0000000000000001e-01, 2.0000000000000001e-01, 1.,
       1.1000000000000001e+00, 1.2000000000000000e+00, 2.,
       2.1000000000000001e+00, 2.2000000000000002e+00 ]
matrixP: !!opencv-matrix
   rows: 3
   cols: 4
   dt: d
   data: [ 0., 1.0000000000000001e-01, 2.0000000000000001e-01,
       2.9999999999999999e-01, 1., 1.1000000000000001e+00,
       1.2000000000000000e+00, 1.3000000000000000e+00, 2.,
       2.1000000000000001e+00, 2.2000000000000002e+00,
       2.2999999999999998e+00 ]
