%YAML:1.0
---
date: "Mon Apr 24 15:59:05 2017\n"
paramsD: !!opencv-matrix
   rows: 5
   cols: 1
   dt: d
   data: [ -1.7403573929532712e-01, 2.3963723420777053e-01,
       -1.3014865381775255e-03, 6.9925882954985433e-03, 0. ]
matrixK: !!opencv-matrix
   rows: 3
   cols: 3
   dt: d
   data: [ 1.6329512710562030e+03, 0., 6.7593308343605690e+02, 0.,
       1.6327844479756029e+03, 3.4169743478984452e+02, 0., 0., 1. ]
matrixP: !!opencv-matrix
   rows: 3
   cols: 4
   dt: d
   data: [ 1.5951514892578125e+03, 0., 6.8273230600379611e+02, 0., 0.,
       1.6194047851562500e+03, 3.4102090579443029e+02, 0., 0., 0., 1.,
       0. ]
